=== Run information ===

Scheme:       weka.classifiers.bayes.NaiveBayes 
Relation:     12_lang_all_features_train-weka.filters.unsupervised.attribute.Discretize-unset-class-temporarily-B12-M-1.0-Rlast-weka.filters.unsupervised.attribute.Standardize-unset-class-temporarily
Instances:    18069
Attributes:   72
              1
              2
              3
              4
              5
              6
              7
              8
              9
              10
              11
              12
              13
              14
              15
              16
              17
              18
              19
              20
              21
              22
              23
              24
              25
              26
              27
              28
              29
              30
              31
              32
              33
              34
              35
              36
              37
              38
              39
              40
              41
              42
              43
              44
              45
              46
              47
              48
              49
              50
              51
              52
              53
              54
              55
              56
              57
              58
              59
              60
              61
              62
              63
              64
              65
              66
              67
              68
              69
              70
              71
              72
Test mode:    user supplied test set:  size unknown (reading incrementally)

=== Classifier model (full training set) ===

Naive Bayes Classifier

                                Class
Attribute           '(-inf-0.916667]'  '(0.916667-1.833333]'      '(1.833333-2.75]'      '(2.75-3.666667]'  '(3.666667-4.583333]'       '(4.583333-5.5]'       '(5.5-6.416667]'  '(6.416667-7.333333]'      '(7.333333-8.25]'      '(8.25-9.166667]' '(9.166667-10.083333]'      '(10.083333-inf)'
                               (0.09)                 (0.08)                 (0.08)                 (0.09)                 (0.07)                 (0.09)                 (0.09)                 (0.08)                 (0.07)                 (0.09)                 (0.08)                 (0.09)
===================================================================================================================================================================================================================================================================================================
1
  mean                          0.1276                -0.1837                -0.0882                 0.1162                -0.0873                 0.0344                 0.0398                 0.1461                -0.2713                -0.1183                 0.1967                 0.0351
  std. dev.                      0.933                 0.9319                 1.0836                 0.9996                 1.0158                 1.0278                 1.0811                 1.0325                 0.8919                 0.9534                 0.9507                  0.961
  weight sum                      1640                   1484                   1507                   1588                   1267                   1641                   1559                   1424                   1310                   1580                   1426                   1643
  precision                     0.0005                 0.0005                 0.0005                 0.0005                 0.0005                 0.0005                 0.0005                 0.0005                 0.0005                 0.0005                 0.0005                 0.0005

2
  mean                           0.114                -0.1421                -0.0621                 0.1365                 -0.075                 0.0208                 0.0274                 0.0867                -0.2653                -0.1195                 0.1759                 0.0492
  std. dev.                     0.9174                 0.9501                 1.0607                 1.0123                 1.0128                 1.0122                 1.0982                 1.0293                 0.8853                 0.9543                 0.9776                 0.9736
  weight sum                      1640                   1484                   1507                   1588                   1267                   1641                   1559                   1424                   1310                   1580                   1426                   1643
  precision                     0.0005                 0.0005                 0.0005                 0.0005                 0.0005                 0.0005                 0.0005                 0.0005                 0.0005                 0.0005                 0.0005                 0.0005

3
  mean                          0.1527                -0.1382                -0.0706                 0.1082                -0.0524                 0.0453                 -0.015                 0.0995                 -0.259                -0.1013                 0.1678                 0.0139
  std. dev.                     0.9299                 0.9424                 1.0469                 1.0051                  1.023                  1.019                 1.0984                 1.0346                 0.8938                 0.9455                 0.9813                 0.9713
  weight sum                      1640                   1484                   1507                   1588                   1267                   1641                   1559                   1424                   1310                   1580                   1426                   1643
  precision                     0.0005                 0.0005                 0.0005                 0.0005                 0.0005                 0.0005                 0.0005                 0.0005                 0.0005                 0.0005                 0.0005                 0.0005

4
  mean                          0.1711                 -0.199                 -0.044                 0.1128                -0.0585                 0.0581                 0.0111                 0.1778                -0.3288                -0.1389                 0.1478                 0.0302
  std. dev.                      0.947                 0.8967                 1.0671                 0.9986                 1.0081                 1.0254                 1.0768                 1.0471                 0.8998                 0.9483                 0.9559                 0.9709
  weight sum                      1640                   1484                   1507                   1588                   1267                   1641                   1559                   1424                   1310                   1580                   1426                   1643
  precision                     0.0005                 0.0005                 0.0005                 0.0005                 0.0005                 0.0005                 0.0005                 0.0005                 0.0005                 0.0005                 0.0005                 0.0005

5
  mean                          0.1631                 -0.161                 -0.059                  0.091                -0.0427                 0.0438                  0.014                 0.1665                -0.2794                -0.1655                 0.1521                 0.0304
  std. dev.                     0.9477                 0.8988                 1.0598                 0.9971                 1.0012                 1.0292                 1.0917                 1.0377                 0.9046                 0.9527                 0.9525                 0.9866
  weight sum                      1640                   1484                   1507                   1588                   1267                   1641                   1559                   1424                   1310                   1580                   1426                   1643
  precision                     0.0005                 0.0005                 0.0005                 0.0005                 0.0005                 0.0005                 0.0005                 0.0005                 0.0005                 0.0005                 0.0005                 0.0005

6
  mean                          0.1512                -0.1527                -0.0427                 0.0603                -0.0331                 0.0445                -0.0005                 0.1675                -0.2553                -0.1581                 0.1464                 0.0328
  std. dev.                     0.9414                 0.9066                 1.0631                  0.991                  1.005                 1.0433                 1.0866                 1.0462                 0.9012                 0.9543                  0.952                 0.9834
  weight sum                      1640                   1484                   1507                   1588                   1267                   1641                   1559                   1424                   1310                   1580                   1426                   1643
  precision                     0.0005                 0.0005                 0.0005                 0.0005                 0.0005                 0.0005                 0.0005                 0.0005                 0.0005                 0.0005                 0.0005                 0.0005

7
  mean                          0.1357                 -0.145                -0.0461                 0.0438                -0.0701                  0.016                 0.0003                 0.1567                -0.2039                -0.1422                 0.1653                 0.0533
  std. dev.                     0.9409                 0.9112                 1.0487                 0.9989                 0.9895                 1.0459                 1.0956                 1.0423                 0.9121                  0.948                 0.9634                 0.9917
  weight sum                      1640                   1484                   1507                   1588                   1267                   1641                   1559                   1424                   1310                   1580                   1426                   1643
  precision                     0.0005                 0.0005                 0.0005                 0.0005                 0.0005                 0.0005                 0.0005                 0.0005                 0.0005                 0.0005                 0.0005                 0.0005

8
  mean                          0.1167                -0.1419                -0.0689                 0.0414                -0.0736                -0.0112                 0.0126                 0.1361                -0.1744                -0.1161                 0.2025                 0.0479
  std. dev.                     0.9319                 0.9211                   1.04                  0.992                  0.997                 1.0521                 1.0901                 1.0349                   0.92                 0.9509                 0.9811                 0.9896
  weight sum                      1640                   1484                   1507                   1588                   1267                   1641                   1559                   1424                   1310                   1580                   1426                   1643
  precision                     0.0005                 0.0005                 0.0005                 0.0005                 0.0005                 0.0005                 0.0005                 0.0005                 0.0005                 0.0005                 0.0005                 0.0005

9
  mean                          0.1216                -0.1385                -0.0782                  0.029                -0.0712                -0.0273                 0.0092                 0.1184                -0.1521                -0.1069                 0.2376                 0.0359
  std. dev.                     0.9334                 0.9397                 1.0419                 0.9803                 0.9998                 1.0482                 1.0855                 1.0324                 0.9105                 0.9508                 0.9973                 0.9831
  weight sum                      1640                   1484                   1507                   1588                   1267                   1641                   1559                   1424                   1310                   1580                   1426                   1643
  precision                     0.0006                 0.0006                 0.0006                 0.0006                 0.0006                 0.0006                 0.0006                 0.0006                 0.0006                 0.0006                 0.0006                 0.0006

10
  mean                          0.1293                -0.1474                -0.0812                 0.0199                -0.0539                -0.0222                      0                 0.1159                -0.1685                -0.0874                 0.2637                 0.0119
  std. dev.                     0.9366                 0.9443                 1.0393                 0.9729                 0.9992                 1.0522                 1.0862                 1.0377                 0.9005                 0.9466                 0.9996                 0.9791
  weight sum                      1640                   1484                   1507                   1588                   1267                   1641                   1559                   1424                   1310                   1580                   1426                   1643
  precision                     0.0006                 0.0006                 0.0006                 0.0006                 0.0006                 0.0006                 0.0006                 0.0006                 0.0006                 0.0006                 0.0006                 0.0006

11
  mean                          0.1539                -0.1816                -0.0956                  0.011                -0.0274                -0.0032                -0.0012                 0.1485                 -0.217                -0.0948                 0.2951                -0.0078
  std. dev.                     0.9463                 0.9479                 1.0405                 0.9629                 1.0031                 1.0428                 1.0762                 1.0482                 0.8932                 0.9466                 0.9945                  0.964
  weight sum                      1640                   1484                   1507                   1588                   1267                   1641                   1559                   1424                   1310                   1580                   1426                   1643
  precision                     0.0006                 0.0006                 0.0006                 0.0006                 0.0006                 0.0006                 0.0006                 0.0006                 0.0006                 0.0006                 0.0006                 0.0006

12
  mean                           0.171                -0.2319                -0.1061                 0.0109                -0.0117                 0.0155                 0.0053                 0.1782                 -0.274                -0.0938                 0.3007                 0.0073
  std. dev.                     0.9635                 0.9409                 1.0439                 0.9529                 0.9973                  1.032                 1.0666                 1.0571                 0.8878                 0.9565                 0.9783                 0.9556
  weight sum                      1640                   1484                   1507                   1588                   1267                   1641                   1559                   1424                   1310                   1580                   1426                   1643
  precision                     0.0006                 0.0006                 0.0006                 0.0006                 0.0006                 0.0006                 0.0006                 0.0006                 0.0006                 0.0006                 0.0006                 0.0006

13
  mean                          0.1846                -0.2532                -0.0978                 0.0307                -0.0311                -0.0135                  0.016                 0.1421                -0.2505                -0.0892                 0.2829                 0.0435
  std. dev.                     0.9784                 0.9387                 1.0508                 0.9528                 0.9805                 1.0418                 1.0735                 1.0548                 0.8806                 0.9538                  0.974                  0.952
  weight sum                      1640                   1484                   1507                   1588                   1267                   1641                   1559                   1424                   1310                   1580                   1426                   1643
  precision                     0.0006                 0.0006                 0.0006                 0.0006                 0.0006                 0.0006                 0.0006                 0.0006                 0.0006                 0.0006                 0.0006                 0.0006

14
  mean                          0.2025                -0.2654                -0.0862                 0.0609                 -0.053                -0.0405                 0.0249                 0.1052                -0.2348                -0.0901                 0.2849                 0.0509
  std. dev.                      0.982                 0.9303                 1.0643                 0.9634                 0.9715                 1.0421                 1.0816                 1.0529                 0.8757                 0.9466                 0.9601                 0.9519
  weight sum                      1640                   1484                   1507                   1588                   1267                   1641                   1559                   1424                   1310                   1580                   1426                   1643
  precision                     0.0006                 0.0006                 0.0006                 0.0006                 0.0006                 0.0006                 0.0006                 0.0006                 0.0006                 0.0006                 0.0006                 0.0006

15
  mean                          0.2039                -0.2678                -0.0879                  0.074                -0.0535                -0.0446                  0.026                 0.0987                -0.2367                -0.0856                 0.2976                 0.0358
  std. dev.                      0.972                 0.9168                 1.0635                 0.9692                 0.9882                 1.0367                 1.0913                 1.0754                  0.859                 0.9407                 0.9568                 0.9459
  weight sum                      1640                   1484                   1507                   1588                   1267                   1641                   1559                   1424                   1310                   1580                   1426                   1643
  precision                     0.0006                 0.0006                 0.0006                 0.0006                 0.0006                 0.0006                 0.0006                 0.0006                 0.0006                 0.0006                 0.0006                 0.0006

16
  mean                          0.1829                 -0.271                -0.1248                 0.0621                -0.0243                -0.0339                 0.0244                 0.1324                -0.2579                -0.0592                 0.3037                 0.0303
  std. dev.                     0.9552                 0.9186                  1.044                 0.9638                 0.9996                 1.0275                  1.098                 1.1014                 0.8373                 0.9408                 0.9744                 0.9485
  weight sum                      1640                   1484                   1507                   1588                   1267                   1641                   1559                   1424                   1310                   1580                   1426                   1643
  precision                     0.0006                 0.0006                 0.0006                 0.0006                 0.0006                 0.0006                 0.0006                 0.0006                 0.0006                 0.0006                 0.0006                 0.0006

17
  mean                          0.1614                -0.2472                -0.1547                  0.056                 -0.032                -0.0031                 0.0005                 0.1202                -0.2571                -0.0249                 0.3014                 0.0404
  std. dev.                     0.9231                 0.9165                 1.0345                 0.9676                 0.9987                 1.0366                 1.1006                 1.1216                  0.823                 0.9523                 0.9931                 0.9475
  weight sum                      1640                   1484                   1507                   1588                   1267                   1641                   1559                   1424                   1310                   1580                   1426                   1643
  precision                     0.0006                 0.0006                 0.0006                 0.0006                 0.0006                 0.0006                 0.0006                 0.0006                 0.0006                 0.0006                 0.0006                 0.0006

18
  mean                          0.1395                -0.1863                -0.1644                 0.0833                -0.0753                -0.0303                -0.0092                  0.071                -0.1978                -0.0127                  0.298                 0.0459
  std. dev.                     0.9139                 0.9088                 1.0158                 0.9778                 0.9952                 1.0456                  1.103                 1.1427                 0.8176                 0.9505                 1.0197                 0.9478
  weight sum                      1640                   1484                   1507                   1588                   1267                   1641                   1559                   1424                   1310                   1580                   1426                   1643
  precision                     0.0006                 0.0006                 0.0006                 0.0006                 0.0006                 0.0006                 0.0006                 0.0006                 0.0006                 0.0006                 0.0006                 0.0006

19
  mean                          0.1428                -0.1806                 -0.179                 0.0879                -0.0464                -0.0479                -0.0025                 0.0855                -0.1677                 0.0006                 0.2787                  0.003
  std. dev.                     0.9289                 0.9197                 0.9942                 1.0018                 1.0167                 1.0561                 1.0832                 1.1378                 0.8131                 0.9686                 1.0192                 0.9117
  weight sum                      1640                   1484                   1507                   1588                   1267                   1641                   1559                   1424                   1310                   1580                   1426                   1643
  precision                     0.0007                 0.0007                 0.0007                 0.0007                 0.0007                 0.0007                 0.0007                 0.0007                 0.0007                 0.0007                 0.0007                 0.0007

20
  mean                          0.1229                -0.2211                -0.1658                  0.071                 0.0081                 0.0174                 0.0283                 0.1299                -0.2462                 0.0021                 0.2458                -0.0218
  std. dev.                     0.9076                 0.8916                  0.992                 0.9944                 1.0627                 1.0606                 1.0687                 1.1441                 0.7986                 0.9944                 1.0219                 0.9021
  weight sum                      1640                   1484                   1507                   1588                   1267                   1641                   1559                   1424                   1310                   1580                   1426                   1643
  precision                     0.0007                 0.0007                 0.0007                 0.0007                 0.0007                 0.0007                 0.0007                 0.0007                 0.0007                 0.0007                 0.0007                 0.0007

21
  mean                          0.0139                 0.0659                 0.1063                 0.0796                -0.0619                 0.1033                 0.0048                 0.0925                -0.1387                -0.1953                -0.1357                 0.0281
  std. dev.                     0.9484                 0.9997                 1.0076                 0.9976                 1.0355                 0.9555                 1.1074                  1.047                 0.9288                 0.9339                 0.9346                 1.0274
  weight sum                      1640                   1484                   1507                   1588                   1267                   1641                   1559                   1424                   1310                   1580                   1426                   1643
  precision                     0.0004                 0.0004                 0.0004                 0.0004                 0.0004                 0.0004                 0.0004                 0.0004                 0.0004                 0.0004                 0.0004                 0.0004

22
  mean                         -0.0332                 0.0105                -0.0719                 0.1835                 -0.015                 0.0597                 0.0142                -0.0675                -0.0984                  0.087                -0.1026                -0.0069
  std. dev.                     1.0001                 1.0427                 0.9628                  0.906                  0.951                 1.0455                 1.0254                 1.0696                 1.0302                 1.0134                 1.0192                  0.888
  weight sum                      1640                   1484                   1507                   1588                   1267                   1641                   1559                   1424                   1310                   1580                   1426                   1643
  precision                     0.0005                 0.0005                 0.0005                 0.0005                 0.0005                 0.0005                 0.0005                 0.0005                 0.0005                 0.0005                 0.0005                 0.0005

23
  mean                          0.1268                -0.2431                 0.0013                 0.0591                 0.0002                 -0.037                 0.0582                -0.0565                -0.1776                 0.0139                 0.1961                 0.0233
  std. dev.                     1.0377                 0.9566                 1.0155                 1.0075                 0.9499                 0.9551                  1.011                  1.003                 1.0218                 1.0293                 0.9794                  0.947
  weight sum                      1640                   1484                   1507                   1588                   1267                   1641                   1559                   1424                   1310                   1580                   1426                   1643
  precision                     0.0005                 0.0005                 0.0005                 0.0005                 0.0005                 0.0005                 0.0005                 0.0005                 0.0005                 0.0005                 0.0005                 0.0005

24
  mean                          -0.213                 0.2089                 -0.077                -0.0752                 0.0084                -0.0317                -0.0001                -0.1163                 0.2474                 0.1804                 0.0333                -0.1065
  std. dev.                     0.9815                 0.9729                 1.0196                 0.8991                 0.9347                 1.0878                 1.0183                 1.0243                 1.0184                 1.0124                 0.9353                 0.9613
  weight sum                      1640                   1484                   1507                   1588                   1267                   1641                   1559                   1424                   1310                   1580                   1426                   1643
  precision                     0.0004                 0.0004                 0.0004                 0.0004                 0.0004                 0.0004                 0.0004                 0.0004                 0.0004                 0.0004                 0.0004                 0.0004

25
  mean                          -0.148                 0.0959                 -0.043                -0.0179                -0.1716                -0.1855                 0.0301                -0.1767                 0.3077                 0.0912                 0.1243                 0.1191
  std. dev.                     1.0241                 0.9853                 1.0008                 0.9948                 0.9691                 0.9213                 1.0255                 0.9579                 1.0086                 0.9617                 1.0042                 1.0143
  weight sum                      1640                   1484                   1507                   1588                   1267                   1641                   1559                   1424                   1310                   1580                   1426                   1643
  precision                     0.0005                 0.0005                 0.0005                 0.0005                 0.0005                 0.0005                 0.0005                 0.0005                 0.0005                 0.0005                 0.0005                 0.0005

26
  mean                         -0.0638                -0.0253                 0.0966                -0.0224                -0.0358                -0.0699                 0.1193                -0.0154                 0.1676                -0.0679                -0.1626                 0.0899
  std. dev.                     1.1134                 0.9686                 0.9686                 0.9794                 0.9333                  1.001                 0.9885                 1.0212                  0.983                 0.9027                 1.0721                 0.9888
  weight sum                      1640                   1484                   1507                   1588                   1267                   1641                   1559                   1424                   1310                   1580                   1426                   1643
  precision                     0.0005                 0.0005                 0.0005                 0.0005                 0.0005                 0.0005                 0.0005                 0.0005                 0.0005                 0.0005                 0.0005                 0.0005

27
  mean                         -0.0368                 0.0066                -0.0977                -0.1075                 0.0334                 0.1095                -0.0445                 0.1791                -0.0978                 -0.045                 0.0599                 0.0455
  std. dev.                     0.9603                  0.966                 1.0273                 0.9815                 0.9654                 0.9585                  1.024                 1.0265                      1                 0.9887                 1.1018                 0.9592
  weight sum                      1640                   1484                   1507                   1588                   1267                   1641                   1559                   1424                   1310                   1580                   1426                   1643
  precision                     0.0005                 0.0005                 0.0005                 0.0005                 0.0005                 0.0005                 0.0005                 0.0005                 0.0005                 0.0005                 0.0005                 0.0005

28
  mean                           0.026                -0.0915                 0.0695                -0.0478                 0.1597                 0.0565                 0.1102                 0.1765                -0.1054                -0.1262                -0.0363                 -0.161
  std. dev.                     1.0259                  0.931                 0.9093                 0.9369                 1.0923                 0.9642                 1.0292                 1.0799                   0.91                 0.9376                 1.1068                 0.9979
  weight sum                      1640                   1484                   1507                   1588                   1267                   1641                   1559                   1424                   1310                   1580                   1426                   1643
  precision                     0.0005                 0.0005                 0.0005                 0.0005                 0.0005                 0.0005                 0.0005                 0.0005                 0.0005                 0.0005                 0.0005                 0.0005

29
  mean                          0.0371                 0.0277                -0.0261                 0.0924                -0.1952                -0.1445                  0.044                 -0.095                 0.1655                -0.0568                 0.0214                 0.1123
  std. dev.                     0.9741                 1.0121                 0.9887                 0.9709                 0.9116                 1.0611                  0.971                 1.0469                 0.9682                 0.9924                 1.0267                 0.9943
  weight sum                      1640                   1484                   1507                   1588                   1267                   1641                   1559                   1424                   1310                   1580                   1426                   1643
  precision                     0.0005                 0.0005                 0.0005                 0.0005                 0.0005                 0.0005                 0.0005                 0.0005                 0.0005                 0.0005                 0.0005                 0.0005

30
  mean                         -0.0127                -0.2814                -0.0752                -0.0862                 0.1337                 0.1629                   0.14                 0.3806                -0.3203                -0.0241                -0.0269                -0.0074
  std. dev.                     0.9604                 1.0346                 1.0112                  0.977                 0.9944                   0.96                 1.0282                 1.0121                 0.9344                 0.9437                 0.9531                 0.9913
  weight sum                      1640                   1484                   1507                   1588                   1267                   1641                   1559                   1424                   1310                   1580                   1426                   1643
  precision                     0.0006                 0.0006                 0.0006                 0.0006                 0.0006                 0.0006                 0.0006                 0.0006                 0.0006                 0.0006                 0.0006                 0.0006

31
  mean                          0.1023                -0.0942                -0.0178                 0.0771                 -0.174                 -0.088                   0.03                 0.1358                 0.0085                -0.0368                 0.0967                -0.0548
  std. dev.                     0.9378                 1.0472                 1.0327                 0.9494                 1.0215                 1.0396                 0.9836                 1.0459                 0.9245                 0.9495                 1.0439                 0.9747
  weight sum                      1640                   1484                   1507                   1588                   1267                   1641                   1559                   1424                   1310                   1580                   1426                   1643
  precision                     0.0009                 0.0009                 0.0009                 0.0009                 0.0009                 0.0009                 0.0009                 0.0009                 0.0009                 0.0009                 0.0009                 0.0009

32
  mean                          0.0282                -0.1884                 0.0798                -0.0975                -0.0454                 0.1791                -0.0144                  0.168                -0.1548                 0.0889                -0.1149                 0.0248
  std. dev.                     0.9705                  1.039                 1.0521                 0.9588                 0.9678                 0.9601                  1.008                 0.9774                 1.0389                 1.0212                 0.9853                 0.9445
  weight sum                      1640                   1484                   1507                   1588                   1267                   1641                   1559                   1424                   1310                   1580                   1426                   1643
  precision                     0.0007                 0.0007                 0.0007                 0.0007                 0.0007                 0.0007                 0.0007                 0.0007                 0.0007                 0.0007                 0.0007                 0.0007

33
  mean                          0.0139                 0.0659                 0.1063                 0.0796                -0.0619                 0.1033                 0.0048                 0.0925                -0.1387                -0.1953                -0.1357                 0.0281
  std. dev.                     0.9484                 0.9997                 1.0076                 0.9976                 1.0355                 0.9555                 1.1074                  1.047                 0.9288                 0.9339                 0.9346                 1.0274
  weight sum                      1640                   1484                   1507                   1588                   1267                   1641                   1559                   1424                   1310                   1580                   1426                   1643
  precision                     0.0004                 0.0004                 0.0004                 0.0004                 0.0004                 0.0004                 0.0004                 0.0004                 0.0004                 0.0004                 0.0004                 0.0004

34
  mean                         -0.0332                 0.0105                -0.0719                 0.1835                 -0.015                 0.0597                 0.0142                -0.0675                -0.0984                  0.087                -0.1026                -0.0069
  std. dev.                     1.0001                 1.0427                 0.9628                  0.906                  0.951                 1.0455                 1.0254                 1.0696                 1.0302                 1.0134                 1.0192                  0.888
  weight sum                      1640                   1484                   1507                   1588                   1267                   1641                   1559                   1424                   1310                   1580                   1426                   1643
  precision                     0.0005                 0.0005                 0.0005                 0.0005                 0.0005                 0.0005                 0.0005                 0.0005                 0.0005                 0.0005                 0.0005                 0.0005

35
  mean                          0.1268                -0.2431                 0.0013                 0.0591                 0.0002                 -0.037                 0.0582                -0.0565                -0.1776                 0.0139                 0.1961                 0.0233
  std. dev.                     1.0377                 0.9566                 1.0155                 1.0075                 0.9499                 0.9551                  1.011                  1.003                 1.0218                 1.0293                 0.9794                  0.947
  weight sum                      1640                   1484                   1507                   1588                   1267                   1641                   1559                   1424                   1310                   1580                   1426                   1643
  precision                     0.0005                 0.0005                 0.0005                 0.0005                 0.0005                 0.0005                 0.0005                 0.0005                 0.0005                 0.0005                 0.0005                 0.0005

36
  mean                          -0.213                 0.2089                 -0.077                -0.0752                 0.0084                -0.0317                -0.0001                -0.1163                 0.2474                 0.1804                 0.0333                -0.1065
  std. dev.                     0.9815                 0.9729                 1.0196                 0.8991                 0.9347                 1.0878                 1.0183                 1.0243                 1.0184                 1.0124                 0.9353                 0.9613
  weight sum                      1640                   1484                   1507                   1588                   1267                   1641                   1559                   1424                   1310                   1580                   1426                   1643
  precision                     0.0004                 0.0004                 0.0004                 0.0004                 0.0004                 0.0004                 0.0004                 0.0004                 0.0004                 0.0004                 0.0004                 0.0004

37
  mean                          -0.148                 0.0959                 -0.043                -0.0179                -0.1716                -0.1855                 0.0301                -0.1767                 0.3077                 0.0912                 0.1243                 0.1191
  std. dev.                     1.0241                 0.9853                 1.0008                 0.9948                 0.9691                 0.9213                 1.0255                 0.9579                 1.0086                 0.9617                 1.0042                 1.0143
  weight sum                      1640                   1484                   1507                   1588                   1267                   1641                   1559                   1424                   1310                   1580                   1426                   1643
  precision                     0.0005                 0.0005                 0.0005                 0.0005                 0.0005                 0.0005                 0.0005                 0.0005                 0.0005                 0.0005                 0.0005                 0.0005

38
  mean                         -0.0638                -0.0253                 0.0966                -0.0224                -0.0358                -0.0699                 0.1193                -0.0154                 0.1676                -0.0679                -0.1626                 0.0899
  std. dev.                     1.1134                 0.9686                 0.9686                 0.9794                 0.9333                  1.001                 0.9885                 1.0212                  0.983                 0.9027                 1.0721                 0.9888
  weight sum                      1640                   1484                   1507                   1588                   1267                   1641                   1559                   1424                   1310                   1580                   1426                   1643
  precision                     0.0005                 0.0005                 0.0005                 0.0005                 0.0005                 0.0005                 0.0005                 0.0005                 0.0005                 0.0005                 0.0005                 0.0005

39
  mean                         -0.0368                 0.0066                -0.0977                -0.1075                 0.0334                 0.1095                -0.0445                 0.1791                -0.0978                 -0.045                 0.0599                 0.0455
  std. dev.                     0.9603                  0.966                 1.0273                 0.9815                 0.9654                 0.9585                  1.024                 1.0265                      1                 0.9887                 1.1018                 0.9592
  weight sum                      1640                   1484                   1507                   1588                   1267                   1641                   1559                   1424                   1310                   1580                   1426                   1643
  precision                     0.0005                 0.0005                 0.0005                 0.0005                 0.0005                 0.0005                 0.0005                 0.0005                 0.0005                 0.0005                 0.0005                 0.0005

40
  mean                           0.026                -0.0915                 0.0695                -0.0478                 0.1597                 0.0565                 0.1102                 0.1765                -0.1054                -0.1262                -0.0363                 -0.161
  std. dev.                     1.0259                  0.931                 0.9093                 0.9369                 1.0923                 0.9642                 1.0292                 1.0799                   0.91                 0.9376                 1.1068                 0.9979
  weight sum                      1640                   1484                   1507                   1588                   1267                   1641                   1559                   1424                   1310                   1580                   1426                   1643
  precision                     0.0005                 0.0005                 0.0005                 0.0005                 0.0005                 0.0005                 0.0005                 0.0005                 0.0005                 0.0005                 0.0005                 0.0005

41
  mean                          0.0371                 0.0277                -0.0261                 0.0924                -0.1952                -0.1445                  0.044                 -0.095                 0.1655                -0.0568                 0.0214                 0.1123
  std. dev.                     0.9741                 1.0121                 0.9887                 0.9709                 0.9116                 1.0611                  0.971                 1.0469                 0.9682                 0.9924                 1.0267                 0.9943
  weight sum                      1640                   1484                   1507                   1588                   1267                   1641                   1559                   1424                   1310                   1580                   1426                   1643
  precision                     0.0005                 0.0005                 0.0005                 0.0005                 0.0005                 0.0005                 0.0005                 0.0005                 0.0005                 0.0005                 0.0005                 0.0005

42
  mean                         -0.0127                -0.2814                -0.0752                -0.0862                 0.1337                 0.1629                   0.14                 0.3806                -0.3203                -0.0241                -0.0269                -0.0074
  std. dev.                     0.9604                 1.0346                 1.0112                  0.977                 0.9944                   0.96                 1.0282                 1.0121                 0.9344                 0.9437                 0.9531                 0.9913
  weight sum                      1640                   1484                   1507                   1588                   1267                   1641                   1559                   1424                   1310                   1580                   1426                   1643
  precision                     0.0006                 0.0006                 0.0006                 0.0006                 0.0006                 0.0006                 0.0006                 0.0006                 0.0006                 0.0006                 0.0006                 0.0006

43
  mean                          0.1023                -0.0942                -0.0178                 0.0771                 -0.174                 -0.088                   0.03                 0.1358                 0.0085                -0.0368                 0.0967                -0.0548
  std. dev.                     0.9378                 1.0472                 1.0327                 0.9494                 1.0215                 1.0396                 0.9836                 1.0459                 0.9245                 0.9495                 1.0439                 0.9747
  weight sum                      1640                   1484                   1507                   1588                   1267                   1641                   1559                   1424                   1310                   1580                   1426                   1643
  precision                     0.0009                 0.0009                 0.0009                 0.0009                 0.0009                 0.0009                 0.0009                 0.0009                 0.0009                 0.0009                 0.0009                 0.0009

44
  mean                          0.0282                -0.1884                 0.0798                -0.0975                -0.0454                 0.1791                -0.0144                  0.168                -0.1548                 0.0889                -0.1149                 0.0248
  std. dev.                     0.9705                  1.039                 1.0521                 0.9588                 0.9678                 0.9601                  1.008                 0.9774                 1.0389                 1.0212                 0.9853                 0.9445
  weight sum                      1640                   1484                   1507                   1588                   1267                   1641                   1559                   1424                   1310                   1580                   1426                   1643
  precision                     0.0007                 0.0007                 0.0007                 0.0007                 0.0007                 0.0007                 0.0007                 0.0007                 0.0007                 0.0007                 0.0007                 0.0007

45
  mean                          0.0122                 0.0555                 -0.056                 0.0521                 0.0087                -0.0596                 0.0075                -0.0396                 -0.028                -0.0633                 0.0227                 0.0822
  std. dev.                      0.949                 0.9523                 1.0937                  0.974                  0.987                 0.9966                 1.0651                 1.0749                 0.9479                  1.005                  0.982                 0.9455
  weight sum                      1640                   1484                   1507                   1588                   1267                   1641                   1559                   1424                   1310                   1580                   1426                   1643
  precision                     0.0004                 0.0004                 0.0004                 0.0004                 0.0004                 0.0004                 0.0004                 0.0004                 0.0004                 0.0004                 0.0004                 0.0004

46
  mean                         -0.0186                -0.0164                -0.0014                -0.0131                -0.0089                 0.0186                 0.0154                 0.0274                -0.0091                 0.0001                 0.0076                -0.0022
  std. dev.                     1.0202                 0.9929                 0.9973                 1.0305                 1.0077                 0.9786                 1.0084                 1.0037                 0.9884                 0.9807                 0.9842                 1.0024
  weight sum                      1640                   1484                   1507                   1588                   1267                   1641                   1559                   1424                   1310                   1580                   1426                   1643
  precision                     0.0004                 0.0004                 0.0004                 0.0004                 0.0004                 0.0004                 0.0004                 0.0004                 0.0004                 0.0004                 0.0004                 0.0004

47
  mean                          0.0197                 0.0439                -0.0271                -0.0101                 0.0047                -0.0083                -0.0189                -0.0337                  0.017                 0.0044                  0.015                -0.0037
  std. dev.                     1.0034                 1.0561                 0.9924                 1.0391                 0.9838                  0.975                 0.9441                  1.034                 1.0433                  1.009                  0.941                 0.9743
  weight sum                      1640                   1484                   1507                   1588                   1267                   1641                   1559                   1424                   1310                   1580                   1426                   1643
  precision                     0.0004                 0.0004                 0.0004                 0.0004                 0.0004                 0.0004                 0.0004                 0.0004                 0.0004                 0.0004                 0.0004                 0.0004

48
  mean                          0.0137                 0.0235                -0.0208                 0.0006                 0.0119                -0.0033                -0.0086                -0.0166                -0.0115                 0.0019                 0.0188                -0.0088
  std. dev.                     1.0335                 1.0028                 0.9787                 0.9711                 1.0391                  0.972                 1.0027                  1.008                 1.0402                 0.9786                 0.9915                 0.9913
  weight sum                      1640                   1484                   1507                   1588                   1267                   1641                   1559                   1424                   1310                   1580                   1426                   1643
  precision                     0.0005                 0.0005                 0.0005                 0.0005                 0.0005                 0.0005                 0.0005                 0.0005                 0.0005                 0.0005                 0.0005                 0.0005

49
  mean                          0.0302                 0.0095                -0.0193                 0.0016                -0.0102                -0.0044                -0.0045                -0.0086                -0.0038                 0.0037                 0.0123                -0.0097
  std. dev.                     0.9941                 0.9891                 1.0043                 0.9977                 0.9257                 1.0329                 1.0359                 1.0283                  1.009                 0.9917                 0.9492                 1.0185
  weight sum                      1640                   1484                   1507                   1588                   1267                   1641                   1559                   1424                   1310                   1580                   1426                   1643
  precision                     0.0004                 0.0004                 0.0004                 0.0004                 0.0004                 0.0004                 0.0004                 0.0004                 0.0004                 0.0004                 0.0004                 0.0004

50
  mean                          0.0208                 0.0089                -0.0115                -0.0016                -0.0334                -0.0057                 0.0012                -0.0044                 0.0206                 0.0036                 0.0021                -0.0043
  std. dev.                     1.0064                 0.9792                 0.9687                 0.9769                 1.0785                 0.9768                 0.9947                 1.0442                 1.0108                 0.9725                 0.9748                 1.0258
  weight sum                      1640                   1484                   1507                   1588                   1267                   1641                   1559                   1424                   1310                   1580                   1426                   1643
  precision                     0.0004                 0.0004                 0.0004                 0.0004                 0.0004                 0.0004                 0.0004                 0.0004                 0.0004                 0.0004                 0.0004                 0.0004

51
  mean                         -0.0158                 0.0084                 0.0009                 0.0098                -0.0009                -0.0076                -0.0032                -0.0037                 0.0038                 0.0092                -0.0059                 0.0057
  std. dev.                     1.0291                 0.9918                 0.9776                 0.9976                 0.9784                 1.0359                 0.9528                 1.0603                 0.9721                 1.0093                 0.9652                 1.0122
  weight sum                      1640                   1484                   1507                   1588                   1267                   1641                   1559                   1424                   1310                   1580                   1426                   1643
  precision                     0.0005                 0.0005                 0.0005                 0.0005                 0.0005                 0.0005                 0.0005                 0.0005                 0.0005                 0.0005                 0.0005                 0.0005

52
  mean                         -0.0051                -0.0157                -0.0163                 0.0031                -0.0077                 0.0108                  0.005                 0.0186                 0.0078                -0.0042                 -0.002                 0.0051
  std. dev.                     1.0372                 0.9551                 1.0254                 0.9819                 1.0469                 1.0247                 1.0089                 1.0113                 0.9636                 0.9932                 0.9909                 0.9563
  weight sum                      1640                   1484                   1507                   1588                   1267                   1641                   1559                   1424                   1310                   1580                   1426                   1643
  precision                     0.0006                 0.0006                 0.0006                 0.0006                 0.0006                 0.0006                 0.0006                 0.0006                 0.0006                 0.0006                 0.0006                 0.0006

53
  mean                          0.0138                 0.0145                 -0.014                -0.0018                -0.0086                -0.0131                -0.0068                -0.0091                 0.0194                 0.0066                 0.0027                -0.0023
  std. dev.                     0.9958                 1.0049                 0.9759                 0.9839                 1.0299                 1.0409                 0.9583                 1.0513                 0.9711                 0.9697                 0.9828                 1.0298
  weight sum                      1640                   1484                   1507                   1588                   1267                   1641                   1559                   1424                   1310                   1580                   1426                   1643
  precision                     0.0004                 0.0004                 0.0004                 0.0004                 0.0004                 0.0004                 0.0004                 0.0004                 0.0004                 0.0004                 0.0004                 0.0004

54
  mean                          0.0109                 0.0129                 0.0036                  0.013                 0.0087                -0.0112                 -0.015                -0.0231                 0.0048                -0.0089                 0.0065                -0.0005
  std. dev.                     1.0204                 0.9701                 0.9896                  1.004                 0.9843                 1.0231                 0.9998                 1.0573                  1.008                 0.9781                 0.9628                 0.9944
  weight sum                      1640                   1484                   1507                   1588                   1267                   1641                   1559                   1424                   1310                   1580                   1426                   1643
  precision                     0.0005                 0.0005                 0.0005                 0.0005                 0.0005                 0.0005                 0.0005                 0.0005                 0.0005                 0.0005                 0.0005                 0.0005

55
  mean                          0.0125                 0.0062                -0.0111                -0.0079                -0.0046                 0.0097                 -0.005                 0.0042                -0.0133                -0.0002                 0.0125                -0.0053
  std. dev.                     1.0063                 0.9892                 1.0039                 1.0195                 1.0099                 1.0082                 0.9554                 1.0115                 0.9475                 1.0146                 0.9988                 1.0229
  weight sum                      1640                   1484                   1507                   1588                   1267                   1641                   1559                   1424                   1310                   1580                   1426                   1643
  precision                     0.0005                 0.0005                 0.0005                 0.0005                 0.0005                 0.0005                 0.0005                 0.0005                 0.0005                 0.0005                 0.0005                 0.0005

56
  mean                          0.0014                 -0.008                -0.0077                 0.0071                -0.0058                 0.0014                 0.0112                 0.0007                -0.0028                 0.0136                 -0.011                -0.0036
  std. dev.                     1.0022                 0.9863                 1.0087                  1.009                 0.9879                 0.9785                 0.9941                 1.0512                 0.9919                 0.9884                 0.9941                  1.006
  weight sum                      1640                   1484                   1507                   1588                   1267                   1641                   1559                   1424                   1310                   1580                   1426                   1643
  precision                     0.0005                 0.0005                 0.0005                 0.0005                 0.0005                 0.0005                 0.0005                 0.0005                 0.0005                 0.0005                 0.0005                 0.0005

57
  mean                          0.0085                 0.0132                -0.0045                -0.0009                 0.0048                -0.0055                -0.0116                -0.0063                -0.0005                 0.0067                 0.0002                -0.0033
  std. dev.                      0.997                 0.9798                 1.0226                 1.0333                 0.9603                 0.9593                 1.0242                 1.0183                 1.0434                   0.99                 0.9861                 0.9833
  weight sum                      1640                   1484                   1507                   1588                   1267                   1641                   1559                   1424                   1310                   1580                   1426                   1643
  precision                     0.0005                 0.0005                 0.0005                 0.0005                 0.0005                 0.0005                 0.0005                 0.0005                 0.0005                 0.0005                 0.0005                 0.0005

58
  mean                         -0.0468                -0.0547                 0.0371                 0.0007                 0.0088                 0.0169                 0.0386                  0.041                  -0.03                 -0.006                -0.0225                 0.0148
  std. dev.                     1.0005                 0.9361                 1.0225                 0.9684                 1.0059                 1.0556                 1.0379                  1.043                  0.976                  0.997                 0.9367                 0.9975
  weight sum                      1640                   1484                   1507                   1588                   1267                   1641                   1559                   1424                   1310                   1580                   1426                   1643
  precision                     0.0003                 0.0003                 0.0003                 0.0003                 0.0003                 0.0003                 0.0003                 0.0003                 0.0003                 0.0003                 0.0003                 0.0003

59
  mean                         -0.0173                -0.0194                -0.0067                 0.0104                 0.0037                -0.0059                 0.0022                -0.0022                 0.0096                 0.0114                -0.0054                 0.0198
  std. dev.                     0.9747                 0.9602                 0.9717                 1.0584                 1.0586                 0.9742                 0.9718                 0.9247                 1.0437                 0.9461                 1.0655                 1.0495
  weight sum                      1640                   1484                   1507                   1588                   1267                   1641                   1559                   1424                   1310                   1580                   1426                   1643
  precision                     0.0006                 0.0006                 0.0006                 0.0006                 0.0006                 0.0006                 0.0006                 0.0006                 0.0006                 0.0006                 0.0006                 0.0006

60
  mean                          0.0297                -0.0053                  0.009                 0.0012                -0.0099                -0.0066                -0.0046                  0.011                -0.0074                -0.0038                 0.0025                -0.0179
  std. dev.                     0.9908                 1.0127                 0.9434                 1.0423                 1.0001                 0.9874                 1.0113                 0.9497                 1.0422                 0.9948                 0.9989                 1.0207
  weight sum                      1640                   1484                   1507                   1588                   1267                   1641                   1559                   1424                   1310                   1580                   1426                   1643
  precision                     0.0006                 0.0006                 0.0006                 0.0006                 0.0006                 0.0006                 0.0006                 0.0006                 0.0006                 0.0006                 0.0006                 0.0006

61
  mean                          0.0045                -0.0056                 0.0028                 0.0042                 0.0068                 0.0077                -0.0059                 0.0009                  0.002                -0.0001                -0.0051                -0.0113
  std. dev.                     1.0408                 1.0138                 1.0039                 0.9769                 1.0366                 0.9906                 0.9633                 0.9821                 1.0048                 0.9959                 1.0302                 0.9669
  weight sum                      1640                   1484                   1507                   1588                   1267                   1641                   1559                   1424                   1310                   1580                   1426                   1643
  precision                     0.0006                 0.0006                 0.0006                 0.0006                 0.0006                 0.0006                 0.0006                 0.0006                 0.0006                 0.0006                 0.0006                 0.0006

62
  mean                         -0.0171                 0.0097                 0.0094                 0.0115                 0.0097                -0.0126                -0.0035                -0.0176                 0.0146                 0.0117                -0.0069                -0.0047
  std. dev.                     1.0121                 1.0003                 0.9857                 0.9847                 0.9521                 1.0113                 1.0214                 0.9913                 1.0428                 0.9633                 0.9748                 1.0463
  weight sum                      1640                   1484                   1507                   1588                   1267                   1641                   1559                   1424                   1310                   1580                   1426                   1643
  precision                     0.0006                 0.0006                 0.0006                 0.0006                 0.0006                 0.0006                 0.0006                 0.0006                 0.0006                 0.0006                 0.0006                 0.0006

63
  mean                         -0.0063                 0.0115                 0.0038                 0.0037                 0.0101                 0.0003                -0.0168                 -0.022                 0.0151                -0.0024                -0.0052                 0.0106
  std. dev.                     1.0365                 0.9929                  0.992                  1.011                 1.0212                 0.9885                 0.9725                 1.0232                 0.9625                 0.9751                 1.0239                 0.9973
  weight sum                      1640                   1484                   1507                   1588                   1267                   1641                   1559                   1424                   1310                   1580                   1426                   1643
  precision                     0.0006                 0.0006                 0.0006                 0.0006                 0.0006                 0.0006                 0.0006                 0.0006                 0.0006                 0.0006                 0.0006                 0.0006

64
  mean                         -0.0021                 0.0021                 0.0065                -0.0018                 0.0111                 0.0107                 0.0085                -0.0061                -0.0054                -0.0048                 -0.002                -0.0153
  std. dev.                     1.0311                 0.9695                 0.9622                 0.9748                 1.0184                 1.0235                 0.9946                 1.0262                 1.0113                 0.9819                 0.9885                 1.0151
  weight sum                      1640                   1484                   1507                   1588                   1267                   1641                   1559                   1424                   1310                   1580                   1426                   1643
  precision                     0.0006                 0.0006                 0.0006                 0.0006                 0.0006                 0.0006                 0.0006                 0.0006                 0.0006                 0.0006                 0.0006                 0.0006

65
  mean                          0.0068                -0.0048                 0.0068                 0.0023                -0.0119                 0.0035                 0.0032                -0.0009                -0.0149                 0.0049                 0.0067                -0.0063
  std. dev.                     1.0113                 0.9441                 0.9415                 1.0525                 1.0222                 1.0061                 1.0406                 1.0605                 0.9557                  0.973                 1.0011                 0.9794
  weight sum                      1640                   1484                   1507                   1588                   1267                   1641                   1559                   1424                   1310                   1580                   1426                   1643
  precision                     0.0005                 0.0005                 0.0005                 0.0005                 0.0005                 0.0005                 0.0005                 0.0005                 0.0005                 0.0005                 0.0005                 0.0005

66
  mean                         -0.0123                -0.0013                -0.0041                -0.0022                 0.0106                -0.0038                 0.0047                 0.0008                 0.0118                 0.0009                 0.0016                -0.0019
  std. dev.                     1.0486                 0.9429                 0.9736                 1.0144                 1.0246                 1.0066                 0.9883                 1.0775                 0.9646                 0.9448                 1.0436                 0.9652
  weight sum                      1640                   1484                   1507                   1588                   1267                   1641                   1559                   1424                   1310                   1580                   1426                   1643
  precision                     0.0005                 0.0005                 0.0005                 0.0005                 0.0005                 0.0005                 0.0005                 0.0005                 0.0005                 0.0005                 0.0005                 0.0005

67
  mean                         -0.0153                 0.0037                -0.0003                 0.0035                 0.0081                 0.0027                 0.0029                -0.0029                 0.0053                 0.0041                -0.0034                -0.0055
  std. dev.                     0.9675                 0.9676                  0.995                 1.0045                 1.0544                  0.995                 1.0135                 1.0495                 1.0249                 0.9744                 0.9643                      1
  weight sum                      1640                   1484                   1507                   1588                   1267                   1641                   1559                   1424                   1310                   1580                   1426                   1643
  precision                     0.0005                 0.0005                 0.0005                 0.0005                 0.0005                 0.0005                 0.0005                 0.0005                 0.0005                 0.0005                 0.0005                 0.0005

68
  mean                          0.0079                 0.0049                -0.0023                -0.0034                 0.0064                -0.0018                  0.007                -0.0128                -0.0056                -0.0026                 0.0011                 0.0004
  std. dev.                     0.9768                 0.9881                 0.9812                 1.0258                 0.9812                 1.0222                 1.0351                 1.0381                 0.9878                 0.9638                 1.0081                 0.9859
  weight sum                      1640                   1484                   1507                   1588                   1267                   1641                   1559                   1424                   1310                   1580                   1426                   1643
  precision                     0.0005                 0.0005                 0.0005                 0.0005                 0.0005                 0.0005                 0.0005                 0.0005                 0.0005                 0.0005                 0.0005                 0.0005

69
  mean                          0.0022                 0.0051                 0.0004                -0.0079                -0.0097                 0.0019                 0.0031                 0.0054                 0.0054                -0.0044                  -0.01                 0.0069
  std. dev.                     0.9883                 1.0055                 0.9757                 1.0098                 0.9695                 1.0102                 1.0654                 1.0149                 0.9602                 0.9665                 1.0216                 0.9982
  weight sum                      1640                   1484                   1507                   1588                   1267                   1641                   1559                   1424                   1310                   1580                   1426                   1643
  precision                     0.0005                 0.0005                 0.0005                 0.0005                 0.0005                 0.0005                 0.0005                 0.0005                 0.0005                 0.0005                 0.0005                 0.0005

70
  mean                         -0.0011                 0.0035                 0.0077                -0.0131                -0.0037                 0.0046                -0.0101                 0.0003                 0.0034                 0.0079                 -0.001                 0.0017
  std. dev.                     0.9892                 1.0093                 0.9655                 1.0175                 1.0016                 0.9941                 1.0009                 1.0046                 0.9879                 0.9934                 1.0268                 1.0079
  weight sum                      1640                   1484                   1507                   1588                   1267                   1641                   1559                   1424                   1310                   1580                   1426                   1643
  precision                     0.0005                 0.0005                 0.0005                 0.0005                 0.0005                 0.0005                 0.0005                 0.0005                 0.0005                 0.0005                 0.0005                 0.0005

71
  mean                         -0.0298                -0.0188                 0.0054                 0.0071                -0.0026                 0.0122                 0.0125                 0.0021                 0.0032                -0.0055                -0.0173                 0.0289
  std. dev.                     1.0191                 0.9532                 0.9731                 1.0379                 1.0338                 1.0212                 0.9603                 0.9023                 1.0662                 0.9881                 0.9989                 1.0342
  weight sum                      1640                   1484                   1507                   1588                   1267                   1641                   1559                   1424                   1310                   1580                   1426                   1643
  precision                     0.0007                 0.0007                 0.0007                 0.0007                 0.0007                 0.0007                 0.0007                 0.0007                 0.0007                 0.0007                 0.0007                 0.0007



Time taken to build model: 0.83 seconds

=== Evaluation on test set ===
=== Summary ===

Correctly Classified Instances         970               11.8902 %
Incorrectly Classified Instances      7188               88.1098 %
Kappa statistic                          0.0396
Mean absolute error                      0.1477
Root mean squared error                  0.3147
Relative absolute error                 96.678  %
Root relative squared error            113.8376 %
Coverage of cases (0.95 level)          51.8755 %
Mean rel. region size (0.95 level)      43.2387 %
Total Number of Instances             8158     

=== Detailed Accuracy By Class ===

               TP Rate   FP Rate   Precision   Recall  F-Measure   ROC Area  Class
                 0.189     0.146      0.112     0.189     0.141      0.528    '(-inf-0.916667]'
                 0.151     0.117      0.098     0.151     0.119      0.573    '(0.916667-1.833333]'
                 0.117     0.046      0.179     0.117     0.141      0.61     '(1.833333-2.75]'
                 0.036     0.029      0.103     0.036     0.053      0.548    '(2.75-3.666667]'
                 0.015     0.015      0.08      0.015     0.025      0.5      '(3.666667-4.583333]'
                 0.011     0.006      0.143     0.011     0.021      0.531    '(4.583333-5.5]'
                 0.003     0.007      0.036     0.003     0.005      0.516    '(5.5-6.416667]'
                 0.155     0.058      0.2       0.155     0.175      0.657    '(6.416667-7.333333]'
                 0.408     0.274      0.114     0.408     0.178      0.601    '(7.333333-8.25]'
                 0.051     0.033      0.122     0.051     0.072      0.574    '(8.25-9.166667]'
                 0.263     0.204      0.106     0.263     0.151      0.572    '(9.166667-10.083333]'
                 0.043     0.025      0.138     0.043     0.066      0.57     '(10.083333-inf)'
Weighted Avg.    0.119     0.079      0.119     0.119     0.095      0.565

=== Confusion Matrix ===

   a   b   c   d   e   f   g   h   i   j   k   l   <-- classified as
 137  84  34  25  18   6   3  48 194  32 124  19 |   a = '(-inf-0.916667]'
  82  96  25  11   6   3   3  30 230  18 123   9 |   b = '(0.916667-1.833333]'
 121  88  75  20   9   4  14  55 151  15  75  15 |   c = '(1.833333-2.75]'
 116  56  34  25   8   1   3  31 256  13 142  16 |   d = '(2.75-3.666667]'
 112  70  35  19  10   2   2  27 165  15 176  35 |   e = '(3.666667-4.583333]'
 109 128  44  15   9   8  11  50 171  24 127  20 |   f = '(4.583333-5.5]'
 102  88  39  16  10   2   2  53 165  30 149  17 |   g = '(5.5-6.416667]'
 116  55  18  22  17  12   4 108 114  26 193  11 |   h = '(6.416667-7.333333]'
  54 100  31  19   1   2   3  17 265  13 133  11 |   i = '(7.333333-8.25]'
  74  86  36  17   6   5   2  22 236  34 135  18 |   j = '(8.25-9.166667]'
  96  53  29  30  16   3   5  51 187  17 180  17 |   k = '(9.166667-10.083333]'
 102  71  19  24  15   8   4  49 191  41 144  30 |   l = '(10.083333-inf)'

