=== Run information ===

Scheme:       weka.classifiers.functions.Logistic -R 1.0E-8 -M -1
Relation:     12_lang_all_features_train-weka.filters.unsupervised.attribute.Discretize-unset-class-temporarily-B12-M-1.0-Rlast-weka.filters.unsupervised.attribute.Standardize-unset-class-temporarily
Instances:    18069
Attributes:   72
              1
              2
              3
              4
              5
              6
              7
              8
              9
              10
              11
              12
              13
              14
              15
              16
              17
              18
              19
              20
              21
              22
              23
              24
              25
              26
              27
              28
              29
              30
              31
              32
              33
              34
              35
              36
              37
              38
              39
              40
              41
              42
              43
              44
              45
              46
              47
              48
              49
              50
              51
              52
              53
              54
              55
              56
              57
              58
              59
              60
              61
              62
              63
              64
              65
              66
              67
              68
              69
              70
              71
              72
Test mode:    user supplied test set:  size unknown (reading incrementally)

=== Classifier model (full training set) ===

Logistic Regression with ridge parameter of 1.0E-8
Coefficients...
                              Class
Variable          '(-inf-0.916667]'   '(0.916667-1.833333]'       '(1.833333-2.75]'       '(2.75-3.666667]'   '(3.666667-4.583333]'        '(4.583333-5.5]'        '(5.5-6.416667]'   '(6.416667-7.333333]'       '(7.333333-8.25]'       '(8.25-9.166667]'  '(9.166667-10.083333]'
===================================================================================================================================================================================================================================================================================
1                            0.4636                   0.143                  0.0591                  0.1072                   0.178                  0.5225                  0.0004                  0.5189                  0.3312                   0.421                   0.366
2                           -1.1241                 -0.6015                 -0.1985                 -0.1052                  -0.799                 -1.1646                  0.0363                  -0.996                 -0.9559                 -1.0377                 -0.8475
3                            1.1201                  0.6949                  0.0465                  0.3404                  0.8464                   1.168                  0.2205                  0.9213                  0.9518                   0.986                   1.057
4                           -0.5368                 -0.6581                  0.2347                 -0.2585                 -0.6166                 -0.5083                 -0.3571                 -0.2231                 -0.7559                 -0.5251                 -0.7561
5                           -0.0886                  0.1057                 -0.4563                  0.0062                 -0.2573                 -0.2854                  0.1482                 -0.3329                  0.0948                 -0.2581                  0.0493
6                            0.4983                  0.5269                  0.5263                  0.5514                  1.2183                  0.9298                  0.4131                  0.6679                  0.3759                  0.8347                  0.6819
7                            -0.197                 -1.0967                  -0.331                      -1                 -1.8402                  -0.948                 -0.9594                 -0.3108                 -0.6974                 -1.3353                 -0.9875
8                           -0.6306                  1.1097                  0.0521                  0.9728                  1.4757                  0.4784                  0.9059                  -0.301                  0.4705                  1.4431                    0.41
9                            1.4367                 -0.6507                  0.0789                 -0.5557                 -0.5336                 -0.0375                 -0.2361                  0.8193                  0.2765                 -1.4537                  0.6447
10                          -1.6342                  0.0416                  0.0313                  0.0448                 -0.3056                  0.0212                 -0.5839                 -0.8021                 -1.2313                  1.3474                 -1.2822
11                           1.1258                  0.4309                 -0.2054                  0.0838                  0.4056                 -0.4332                  0.9323                  0.2865                  2.1622                 -1.0245                  1.2431
12                          -0.0736                 -0.4407                  0.2769                  0.2458                  0.4324                  0.8718                 -0.4954                  0.5484                 -2.4116                  0.7606                 -0.1412
13                          -0.4783                  0.2988                  0.0159                 -0.6137                 -1.1135                 -0.5864                 -0.2398                 -1.0688                  1.9077                 -0.4224                 -0.6082
14                           0.3962                 -0.4215                 -0.5885                  0.5837                  1.1563                 -0.3365                  0.6924                  1.1927                 -1.1497                  0.1633                  0.7644
15                           0.4187                   0.566                  1.0592                 -0.1549                 -0.4496                  1.2419                 -0.6722                 -0.9121                  0.5183                  0.0482                 -0.0789
16                          -1.1324                 -0.8133                 -1.1241                 -0.3261                 -0.2795                  -1.436                  0.4313                  0.4308                   -0.56                 -0.2374                 -0.5145
17                           1.5427                  0.6681                  0.7214                  0.5251                  0.5893                  0.7239                 -0.2861                  0.0678                  1.0631                  0.4844                  0.7672
18                          -1.3525                 -0.4296                 -0.2454                  -0.395                 -0.2897                  0.3572                  0.3404                 -0.3281                 -1.6675                  -0.563                 -0.3538
19                           0.8908                  0.1065                 -0.1671                  0.1803                 -0.0259                 -0.9055                 -0.3558                  0.3718                  1.6048                  0.5787                  0.0328
20                          -0.2988                 -0.0162                  0.0928                  0.0021                  0.1721                  0.5451                  0.2396                 -0.1202                 -0.7353                 -0.1494                  0.1241
21                          -0.0207                 -0.0254                  0.0194                  0.0494                 -0.1326                  0.0221                  0.0052                  0.0468                 -0.0548                 -0.0982                 -0.0531
22                           -0.032                 -0.0882                 -0.0663                   0.102                 -0.0816                  0.0244                  0.0558                  0.0466                 -0.0936                  0.0088                 -0.0325
23                           0.0354                 -0.1035                 -0.0203                  0.0681                 -0.0633                 -0.0134                  0.0377                 -0.0182                 -0.0782                 -0.0098                  0.1172
24                          -0.0662                  0.1035                 -0.0384                  0.0612                  0.0276                  0.0165                   0.096                 -0.0015                  0.1157                  0.1528                  0.1377
25                          -0.1758                 -0.0284                 -0.0791                  -0.047                 -0.1684                 -0.1454                 -0.0018                 -0.1069                  0.0778                 -0.0384                 -0.0341
26                          -0.1458                 -0.1263                  -0.071                 -0.0415                  -0.146                 -0.1183                  0.0107                 -0.0638                 -0.0356                 -0.1289                 -0.1931
27                          -0.0362                 -0.0088                 -0.0615                 -0.0378                 -0.0532                  0.0298                  -0.043                  0.0582                  -0.065                 -0.0823                 -0.0208
28                           0.0789                  0.0711                  0.1112                  0.0869                  0.1411                  0.1055                  0.1436                  0.1085                  0.0637                  0.0604                  0.1069
29                          -0.0316                 -0.0246                 -0.0609                  0.0221                 -0.1306                 -0.0951                 -0.0059                 -0.0804                    0.03                 -0.0594                 -0.0315
30                          -0.1164                 -0.1495                 -0.1331                 -0.0545                 -0.0199                 -0.0201                    0.07                  0.1104                 -0.1365                 -0.0473                 -0.0513
31                           0.0766                 -0.0186                  0.0269                  0.1091                 -0.0904                  0.0091                   0.049                     0.1                 -0.0304                  -0.047                  0.0547
32                           0.0234                 -0.0629                  0.0374                 -0.0224                 -0.0393                  0.0591                 -0.0177                  0.0486                 -0.0285                  0.0603                 -0.0619
33                          -0.0207                 -0.0254                  0.0194                  0.0494                 -0.1326                  0.0221                  0.0052                  0.0468                 -0.0548                 -0.0982                 -0.0531
34                           -0.032                 -0.0882                 -0.0663                   0.102                 -0.0816                  0.0244                  0.0558                  0.0466                 -0.0936                  0.0088                 -0.0325
35                           0.0354                 -0.1035                 -0.0203                  0.0681                 -0.0633                 -0.0134                  0.0377                 -0.0182                 -0.0782                 -0.0098                  0.1172
36                          -0.0662                  0.1035                 -0.0384                  0.0612                  0.0276                  0.0165                   0.096                 -0.0015                  0.1157                  0.1528                  0.1377
37                          -0.1758                 -0.0284                 -0.0791                  -0.047                 -0.1684                 -0.1454                 -0.0018                 -0.1069                  0.0778                 -0.0384                 -0.0341
38                          -0.1458                 -0.1263                  -0.071                 -0.0415                  -0.146                 -0.1183                  0.0107                 -0.0638                 -0.0356                 -0.1289                 -0.1931
39                          -0.0362                 -0.0088                 -0.0615                 -0.0378                 -0.0532                  0.0298                  -0.043                  0.0582                  -0.065                 -0.0823                 -0.0208
40                           0.0789                  0.0711                  0.1112                  0.0869                  0.1411                  0.1055                  0.1436                  0.1085                  0.0637                  0.0604                  0.1069
41                          -0.0316                 -0.0246                 -0.0609                  0.0221                 -0.1306                 -0.0951                 -0.0059                 -0.0804                    0.03                 -0.0594                 -0.0315
42                          -0.1164                 -0.1495                 -0.1331                 -0.0545                 -0.0199                 -0.0201                    0.07                  0.1104                 -0.1365                 -0.0473                 -0.0513
43                           0.0766                 -0.0186                  0.0269                  0.1091                 -0.0904                  0.0091                   0.049                     0.1                 -0.0304                  -0.047                  0.0547
44                           0.0234                 -0.0629                  0.0374                 -0.0224                 -0.0393                  0.0591                 -0.0177                  0.0486                 -0.0285                  0.0603                 -0.0619
45                          -0.3942                  0.2001                 -0.1378                 -0.2047                  0.0712                 -0.3191                 -0.0692                 -0.4162                  0.1555                 -0.0067                 -0.3371
46                           0.0422                  0.0942                 -0.0152                  0.0114                 -0.0038                  0.0526                   0.021                  0.0216                  0.0869                  0.0577                  0.0599
47                            0.004                  0.0298                  -0.031                 -0.0116                 -0.0092                 -0.0184                 -0.0069                 -0.0336                  0.0036                  0.0022                  0.0066
48                           0.0236                  0.0367                 -0.0174                  0.0094                  0.0168                  0.0156                  0.0136                  0.0045                  0.0124                  0.0188                  0.0308
49                           0.0303                  0.0144                 -0.0072                  0.0031                  0.0057                  0.0094                  0.0077                 -0.0004                 -0.0199                  0.0103                   0.021
50                           0.0353                  0.0403                 -0.0121                  0.0046                 -0.0253                  0.0137                   0.014                  0.0092                  0.0418                  0.0171                  0.0223
51                          -0.0263                  0.0193                  -0.016                 -0.0103                 -0.0151                 -0.0148                  -0.013                 -0.0198                  0.0037                    0.01                 -0.0087
52                           0.0119                  0.0124                 -0.0243                  0.0087                  -0.007                  0.0102                  0.0061                  0.0107                  0.0363                  0.0033                  0.0124
53                           0.0112                  0.0089                 -0.0099                 -0.0015                 -0.0045                 -0.0191                 -0.0043                 -0.0095                  0.0214                  0.0177                   0.006
54                           0.0081                   0.031                  0.0018                  0.0092                  0.0035                  0.0075                 -0.0068                 -0.0164                  0.0274                  0.0065                  0.0164
55                           0.0239                  0.0205                  0.0043                       0                   0.003                  0.0151                  0.0009                  0.0093                  0.0005                  0.0128                  0.0177
56                           0.0078                  0.0053                 -0.0067                  0.0091                  0.0026                  0.0098                   0.013                   0.008                  0.0137                  0.0205                 -0.0016
57                           0.0197                  0.0285                  0.0036                   0.005                  0.0232                  0.0045                 -0.0058                   0.008                  0.0199                  0.0222                  0.0125
58                          -0.0605                 -0.1218                  0.0127                 -0.0105                  -0.011                 -0.0295                   0.003                  0.0046                 -0.1449                 -0.0778                 -0.0764
59                          -0.0329                 -0.0089                 -0.0264                 -0.0064                 -0.0223                 -0.0259                 -0.0294                 -0.0246                  -0.004                 -0.0223                 -0.0285
60                           0.0508                  0.0137                  0.0286                   0.043                   0.004                  0.0258                  0.0301                  0.0336                  0.0071                  0.0282                  0.0141
61                           0.0068                 -0.0226                 -0.0066                  0.0134                  0.0099                  0.0036                 -0.0047                 -0.0064                  -0.003                 -0.0016                  0.0098
62                          -0.0439                  0.0201                  0.0068                  0.0161                  0.0167                 -0.0128                  0.0043                 -0.0207                  0.0255                  0.0274                 -0.0054
63                          -0.0394                  0.0002                  -0.027                 -0.0156                 -0.0184                  -0.031                 -0.0372                 -0.0461                  0.0152                 -0.0197                 -0.0196
64                           0.0002                  0.0043                  0.0185                  0.0103                  0.0085                  0.0054                  0.0317                 -0.0012                  0.0171                  0.0003                 -0.0105
65                           0.0122                  0.0047                  0.0044                  0.0048                 -0.0104                   0.017                  0.0031                  0.0189                 -0.0218                  0.0063                  0.0111
66                           0.0041                  0.0132                  0.0221                  0.0146                  0.0416                  0.0181                  0.0339                  0.0172                  0.0253                  0.0151                  0.0175
67                          -0.0141                 -0.0013                 -0.0073                  0.0127                 -0.0085                 -0.0115                  0.0009                 -0.0126                  0.0039                  -0.001                 -0.0072
68                          -0.0076                 -0.0202                 -0.0164                 -0.0133                  0.0049                 -0.0051                  0.0156                 -0.0004                 -0.0268                 -0.0125                 -0.0092
69                            0.012                 -0.0026                 -0.0031                  0.0044                 -0.0285                 -0.0056                  0.0027                  0.0081                 -0.0063                 -0.0171                 -0.0054
70                          -0.0014                 -0.0095                  0.0113                  -0.023                 -0.0171                  0.0121                 -0.0162                 -0.0001                 -0.0039                  0.0106                 -0.0208
71                          -0.0528                 -0.0406                 -0.0205                 -0.0126                 -0.0235                  -0.013                 -0.0092                 -0.0205                 -0.0344                 -0.0362                 -0.0376
Intercept                   -0.0371                 -0.1988                 -0.0891                 -0.0287                 -0.2976                 -0.0347                 -0.0439                 -0.2427                 -0.4305                  -0.053                 -0.2103


Odds Ratios...
                              Class
Variable          '(-inf-0.916667]'   '(0.916667-1.833333]'       '(1.833333-2.75]'       '(2.75-3.666667]'   '(3.666667-4.583333]'        '(4.583333-5.5]'        '(5.5-6.416667]'   '(6.416667-7.333333]'       '(7.333333-8.25]'       '(8.25-9.166667]'  '(9.166667-10.083333]'
===================================================================================================================================================================================================================================================================================
1                            1.5899                  1.1538                  1.0609                  1.1131                  1.1948                  1.6862                  1.0004                  1.6802                  1.3926                  1.5235                  1.4419
2                             0.325                   0.548                    0.82                  0.9002                  0.4498                   0.312                  1.0369                  0.3694                  0.3844                  0.3543                  0.4285
3                            3.0653                  2.0034                  1.0476                  1.4055                  2.3312                  3.2156                  1.2467                  2.5124                  2.5905                  2.6804                  2.8777
4                            0.5846                  0.5178                  1.2646                  0.7722                  0.5398                  0.6015                  0.6997                     0.8                  0.4696                  0.5915                  0.4695
5                            0.9152                  1.1115                  0.6337                  1.0062                  0.7731                  0.7517                  1.1598                  0.7169                  1.0994                  0.7725                  1.0506
6                             1.646                  1.6937                  1.6926                  1.7358                  3.3816                   2.534                  1.5115                  1.9502                  1.4563                  2.3041                  1.9776
7                            0.8212                   0.334                  0.7182                  0.3679                  0.1588                  0.3875                  0.3831                  0.7329                  0.4979                  0.2631                  0.3725
8                            0.5323                  3.0335                  1.0535                  2.6452                  4.3742                  1.6135                  2.4741                  0.7401                  1.6008                   4.234                  1.5068
9                            4.2067                  0.5217                  1.0821                  0.5737                  0.5865                  0.9632                  0.7897                   2.269                  1.3185                  0.2337                  1.9055
10                           0.1951                  1.0425                  1.0318                  1.0458                  0.7367                  1.0214                  0.5577                  0.4484                  0.2919                  3.8473                  0.2774
11                           3.0825                  1.5386                  0.8144                  1.0874                  1.5002                  0.6485                  2.5403                  1.3318                  8.6901                   0.359                  3.4663
12                           0.9291                  0.6436                   1.319                  1.2786                  1.5409                  2.3912                  0.6093                  1.7305                  0.0897                  2.1396                  0.8683
13                           0.6199                  1.3483                   1.016                  0.5413                  0.3284                  0.5563                  0.7868                  0.3434                  6.7378                  0.6555                  0.5443
14                           1.4861                  0.6561                  0.5552                  1.7927                   3.178                  0.7142                  1.9986                  3.2959                  0.3167                  1.1774                  2.1477
15                             1.52                  1.7612                  2.8841                  0.8565                  0.6379                  3.4622                  0.5106                  0.4017                  1.6792                  1.0494                  0.9242
16                           0.3223                  0.4434                  0.3249                  0.7217                  0.7562                  0.2379                  1.5393                  1.5385                  0.5712                  0.7887                  0.5978
17                           4.6773                  1.9504                  2.0574                  1.6907                  1.8026                  2.0624                  0.7512                  1.0702                  2.8953                  1.6233                  2.1537
18                           0.2586                  0.6508                  0.7824                  0.6737                  0.7485                  1.4293                  1.4055                  0.7203                  0.1887                  0.5695                   0.702
19                            2.437                  1.1124                  0.8461                  1.1976                  0.9744                  0.4043                  0.7006                  1.4504                   4.977                  1.7838                  1.0333
20                           0.7417                  0.9839                  1.0972                  1.0021                  1.1878                  1.7248                  1.2707                  0.8868                  0.4793                  0.8613                  1.1322
21                           0.9795                  0.9749                  1.0196                  1.0506                  0.8758                  1.0223                  1.0052                  1.0479                  0.9467                  0.9065                  0.9483
22                           0.9685                  0.9156                  0.9359                  1.1074                  0.9216                  1.0247                  1.0574                  1.0477                  0.9106                  1.0089                   0.968
23                            1.036                  0.9016                  0.9799                  1.0704                  0.9386                  0.9867                  1.0384                   0.982                  0.9248                  0.9903                  1.1243
24                           0.9359                  1.1091                  0.9624                  1.0632                   1.028                  1.0166                  1.1008                  0.9985                  1.1227                  1.1651                  1.1476
25                           0.8388                   0.972                   0.924                  0.9541                   0.845                  0.8647                  0.9982                  0.8986                  1.0809                  0.9623                  0.9665
26                           0.8643                  0.8814                  0.9315                  0.9593                  0.8641                  0.8884                  1.0107                  0.9382                   0.965                  0.8791                  0.8244
27                           0.9644                  0.9912                  0.9403                  0.9629                  0.9482                  1.0302                  0.9579                  1.0599                   0.937                   0.921                  0.9794
28                           1.0821                  1.0737                  1.1177                  1.0908                  1.1515                  1.1113                  1.1544                  1.1147                  1.0658                  1.0622                  1.1129
29                           0.9689                  0.9757                  0.9409                  1.0223                  0.8776                  0.9093                  0.9941                  0.9227                  1.0304                  0.9423                   0.969
30                           0.8901                  0.8611                  0.8754                   0.947                  0.9803                  0.9801                  1.0725                  1.1168                  0.8724                  0.9538                    0.95
31                           1.0796                  0.9816                  1.0273                  1.1153                  0.9136                  1.0091                  1.0502                  1.1052                  0.9701                  0.9541                  1.0562
32                           1.0236                   0.939                  1.0381                  0.9779                  0.9615                  1.0609                  0.9824                  1.0498                  0.9719                  1.0621                    0.94
33                           0.9795                  0.9749                  1.0196                  1.0506                  0.8758                  1.0223                  1.0052                  1.0479                  0.9467                  0.9065                  0.9483
34                           0.9685                  0.9156                  0.9359                  1.1074                  0.9216                  1.0247                  1.0574                  1.0477                  0.9106                  1.0089                   0.968
35                            1.036                  0.9016                  0.9799                  1.0704                  0.9386                  0.9867                  1.0384                   0.982                  0.9248                  0.9903                  1.1243
36                           0.9359                  1.1091                  0.9624                  1.0632                   1.028                  1.0166                  1.1008                  0.9985                  1.1227                  1.1651                  1.1476
37                           0.8388                   0.972                   0.924                  0.9541                   0.845                  0.8647                  0.9982                  0.8986                  1.0809                  0.9623                  0.9665
38                           0.8643                  0.8814                  0.9315                  0.9593                  0.8641                  0.8884                  1.0107                  0.9382                   0.965                  0.8791                  0.8244
39                           0.9644                  0.9912                  0.9403                  0.9629                  0.9482                  1.0302                  0.9579                  1.0599                   0.937                   0.921                  0.9794
40                           1.0821                  1.0737                  1.1177                  1.0908                  1.1515                  1.1113                  1.1544                  1.1147                  1.0658                  1.0622                  1.1129
41                           0.9689                  0.9757                  0.9409                  1.0223                  0.8776                  0.9093                  0.9941                  0.9227                  1.0304                  0.9423                   0.969
42                           0.8901                  0.8611                  0.8754                   0.947                  0.9803                  0.9801                  1.0725                  1.1168                  0.8724                  0.9538                    0.95
43                           1.0796                  0.9816                  1.0273                  1.1153                  0.9136                  1.0091                  1.0502                  1.1052                  0.9701                  0.9541                  1.0562
44                           1.0236                   0.939                  1.0381                  0.9779                  0.9615                  1.0609                  0.9824                  1.0498                  0.9719                  1.0621                    0.94
45                           0.6742                  1.2216                  0.8712                  0.8149                  1.0738                  0.7268                  0.9332                  0.6595                  1.1682                  0.9933                  0.7138
46                           1.0431                  1.0988                  0.9849                  1.0115                  0.9963                  1.0541                  1.0212                  1.0219                  1.0908                  1.0594                  1.0617
47                            1.004                  1.0303                  0.9695                  0.9885                  0.9908                  0.9817                  0.9931                  0.9669                  1.0036                  1.0022                  1.0066
48                           1.0239                  1.0374                  0.9827                  1.0094                  1.0169                  1.0157                  1.0137                  1.0046                  1.0125                  1.0189                  1.0313
49                           1.0308                  1.0145                  0.9928                  1.0031                  1.0058                  1.0095                  1.0077                  0.9996                  0.9803                  1.0104                  1.0212
50                           1.0359                  1.0412                  0.9879                  1.0046                   0.975                  1.0138                  1.0141                  1.0092                  1.0427                  1.0173                  1.0225
51                            0.974                  1.0195                  0.9841                  0.9897                   0.985                  0.9853                  0.9871                  0.9804                  1.0037                  1.0101                  0.9914
52                            1.012                  1.0125                   0.976                  1.0087                  0.9931                  1.0102                  1.0061                  1.0107                  1.0369                  1.0033                  1.0125
53                           1.0112                   1.009                  0.9902                  0.9985                  0.9955                   0.981                  0.9957                  0.9905                  1.0216                  1.0179                   1.006
54                           1.0081                  1.0315                  1.0018                  1.0092                  1.0035                  1.0075                  0.9932                  0.9837                  1.0278                  1.0065                  1.0166
55                           1.0242                  1.0207                  1.0043                       1                   1.003                  1.0153                  1.0009                  1.0094                  1.0005                  1.0129                  1.0179
56                           1.0079                  1.0053                  0.9934                  1.0091                  1.0026                  1.0098                  1.0131                   1.008                  1.0138                  1.0207                  0.9984
57                           1.0199                  1.0289                  1.0036                   1.005                  1.0235                  1.0045                  0.9943                   1.008                  1.0201                  1.0225                  1.0126
58                           0.9413                  0.8853                  1.0128                  0.9896                  0.9891                  0.9709                   1.003                  1.0046                  0.8651                  0.9251                  0.9264
59                           0.9677                  0.9911                   0.974                  0.9936                  0.9779                  0.9744                  0.9711                  0.9757                   0.996                   0.978                  0.9719
60                           1.0521                  1.0138                   1.029                  1.0439                   1.004                  1.0262                  1.0306                  1.0342                  1.0071                  1.0286                  1.0142
61                           1.0068                  0.9777                  0.9934                  1.0135                  1.0099                  1.0036                  0.9953                  0.9936                   0.997                  0.9984                  1.0098
62                            0.957                  1.0203                  1.0068                  1.0162                  1.0168                  0.9873                  1.0043                  0.9795                  1.0258                  1.0278                  0.9947
63                           0.9614                  1.0002                  0.9734                  0.9845                  0.9817                  0.9695                  0.9635                   0.955                  1.0153                  0.9805                  0.9806
64                           1.0002                  1.0043                  1.0187                  1.0103                  1.0085                  1.0054                  1.0322                  0.9988                  1.0173                  1.0003                  0.9895
65                           1.0123                  1.0047                  1.0044                  1.0048                  0.9896                  1.0171                  1.0031                  1.0191                  0.9784                  1.0063                  1.0112
66                           1.0041                  1.0132                  1.0224                  1.0147                  1.0425                  1.0183                  1.0345                  1.0174                  1.0256                  1.0152                  1.0176
67                            0.986                  0.9987                  0.9928                  1.0128                  0.9915                  0.9886                  1.0009                  0.9874                  1.0039                   0.999                  0.9928
68                           0.9925                    0.98                  0.9837                  0.9868                  1.0049                  0.9949                  1.0158                  0.9996                  0.9736                  0.9876                  0.9909
69                           1.0121                  0.9974                  0.9969                  1.0044                  0.9719                  0.9944                  1.0027                  1.0081                  0.9937                  0.9831                  0.9946
70                           0.9986                  0.9905                  1.0114                  0.9773                   0.983                  1.0121                  0.9839                  0.9999                  0.9961                  1.0107                  0.9794
71                           0.9486                  0.9602                  0.9797                  0.9874                  0.9768                  0.9871                  0.9909                  0.9797                  0.9662                  0.9645                  0.9631


Time taken to build model: 197.83 seconds

=== Evaluation on test set ===
=== Summary ===

Correctly Classified Instances        1017               12.4663 %
Incorrectly Classified Instances      7141               87.5337 %
Kappa statistic                          0.0448
Mean absolute error                      0.151 
Root mean squared error                  0.2763
Relative absolute error                 98.8761 %
Root relative squared error             99.9472 %
Coverage of cases (0.95 level)          94.533  %
Mean rel. region size (0.95 level)      90.8689 %
Total Number of Instances             8158     

=== Detailed Accuracy By Class ===

               TP Rate   FP Rate   Precision   Recall  F-Measure   ROC Area  Class
                 0.075     0.1        0.068     0.075     0.071      0.512    '(-inf-0.916667]'
                 0.17      0.093      0.133     0.17      0.149      0.603    '(0.916667-1.833333]'
                 0.07      0.058      0.094     0.07      0.08       0.573    '(1.833333-2.75]'
                 0.123     0.067      0.146     0.123     0.133      0.578    '(2.75-3.666667]'
                 0.024     0.04       0.05      0.024     0.032      0.452    '(3.666667-4.583333]'
                 0.133     0.107      0.106     0.133     0.118      0.564    '(4.583333-5.5]'
                 0.056     0.055      0.084     0.056     0.068      0.524    '(5.5-6.416667]'
                 0.174     0.087      0.157     0.174     0.165      0.637    '(6.416667-7.333333]'
                 0.19      0.083      0.164     0.19      0.176      0.655    '(7.333333-8.25]'
                 0.162     0.086      0.144     0.162     0.153      0.625    '(8.25-9.166667]'
                 0.154     0.09       0.135     0.154     0.144      0.623    '(9.166667-10.083333]'
                 0.168     0.086      0.154     0.168     0.16       0.607    '(10.083333-inf)'
Weighted Avg.    0.125     0.08       0.119     0.125     0.121      0.579

=== Confusion Matrix ===

   a   b   c   d   e   f   g   h   i   j   k   l   <-- classified as
  54  76  59  51  35 108  44  86  38  40  83  50 |   a = '(-inf-0.916667]'
  56 108  32  39  16  59  17  38  76  95  48  52 |   b = '(0.916667-1.833333]'
  60  67  45  25  30 110  28  84  81  41  38  33 |   c = '(1.833333-2.75]'
  76  67  61  86  39  52  51  31  78  68  25  67 |   d = '(2.75-3.666667]'
  76  54  42  44  16  76  26  53  48  44  71 118 |   e = '(3.666667-4.583333]'
  64  92  43  48  17  95  64  78  45  53  67  50 |   f = '(4.583333-5.5]'
  72  41  55  63  38  66  38  94  47  46  55  58 |   g = '(5.5-6.416667]'
  88  46  49  49  28  75  45 121  20  52  87  36 |   h = '(6.416667-7.333333]'
  53 109  16  32  16  19  52  22 123  77  79  51 |   i = '(7.333333-8.25]'
  45  77  23  41  27  83  20  42  87 109  58  59 |   j = '(8.25-9.166667]'
 106  40  20  48  27  86  29  37  47  70 105  69 |   k = '(9.166667-10.083333]'
  48  34  36  63  30  65  36  87  60  61  61 117 |   l = '(10.083333-inf)'

